100,1494,224,269,1117,3124,1074,97,2040,745,730867,33019,367,1548,993,16220,24837,385,12940,716,20763,
100,341,84,110,11113,1163,6840,32,255,158,17244,309,58,1055,460,9733,273,39,476,368,98974,
100,5067,44,122,92,759,251,25,669,112,2048,389,48,957,451,25564,317,33,465,325,9128,
100,258,181,61,165,778,241,15,656,175,2212,395,44,1408,383,4914,354,49,517,383,7822,
100,257,98,62,86,562,240,18,181,116,8886,808,34,7615,300,5001,334,35,820,14523,7578,
100,431,39,210,107,482,322,17,194,110,6087,492,60,453,339,29232,4894,33,5386,414,8765,
100,489,38,57,85,704,1382,27,5208,357,3044,2352,34,358,276,4148,379,22,904,241,57654,
100,557,39,67,91,798,392,18,203,111,2530,1156,42,712,335,1954,1645,12060,612,2095,3282,
100,457,44,71,95,1353,290,14,235,97,4143,4445,38,379,795,2915,393,22,916,252,2123,
100,7388,41,55,125,576,358,13,162,102,2046,982,18,742,254,2224,476,26,17567,394,2637,
100,10943,16,70,86,1032,5057,18,208,88,1727,901,18,371,270,2230,430,23,361,218,27306,
100,700,13,53,74,564,710,23,3653,107,20593,1303,38,513,249,7054,492,23,371,215,1903,
100,335,16,54,193,438,196,29,522,79,1335,178,33,319,222,1921,826,29,319,197,1838,
100,345,24,54,79,684,351,32,139,81,1802,284,39,440,256,2947,12396,20,406,834,2720,
100,250,21,78,95,667,282,39,155,88,1867,228,38,392,206,2160,792,22,386,201,1727,
100,379,37,62,108,653,343,37,229,138,2570,213,39,468,246,17053,800,25,381,195,66717,
100,385,13,49,207,580,850,111,151,84,1426,463,58,392,206,2007,289,24,342,258,1725,
100,311,13,52,74,435,242,405,136,123,1466,238,38,320,244,2178,329,22,309,189,1888,
100,313,12,161,77,528,251,18,129,1209,1163,216,35,290,210,3537,298,23,654,225,1666,
100,420,12,376,68,553,265,22,140,79,1318,214,34,242,235,2023,311,25,766,139,1628,
100,514,21,51,69,642,303,22,135,79,1548,287,32,369,235,2989,361,22,362,137,1824,
100,734,15,48,63,550,312,19,132,1487,1491,272,2857,321,195,1994,368,23,304,124,1852,
100,444,14,50,68,632,304,21,204,65,1712,377,38,306,233,2149,357,25,301,125,68454,
100,479,16,24625,114,705,413,26,169,68,1816,317,39,362,190,2742,438,20,359,172,1632,
100,514,17,51,64,572,370,20,133,62,1441,319,32,292,173,1900,501,19,340,624,4181,
100,588,17,53,60,777,360,19,136,63,21840,390,48,851,555,2056,521,25,308,156,1870,
100,614,17,52,63,646,489,22,151,79,4279,311,36,269,190,2966,407,24,311,115,1445,
100,915,15,47,61,540,303,22,141,57,1760,305,36,437,27694,2255,2095,29,825,344,1865,
100,918,23,45,65,467,6521,30,173,59,1443,855,45,249,130,6261,519,27,8485,233,3136,
100,560,17,48,67,611,372,23,157,56,1729,346,39,241,126,1975,3749,32,497,121,2089,
100,1378,16,48,64,599,437,23,142,55,1733,788,85,420,233,1881,7718,472,6397,10224,3448,
100,568,15,47,66,514,356,17,131,55,1403,364,37,186,189,1317,1486,320,226,143,5769,
100,888,17,53,70,591,362,25,137,62,1589,360,41,287,171,1585,534,70,765,103,2845,
100,818,18,56,79,481,463,23,199,56,2691,473,39,273,159,1501,359,21,301,85,3083,
100,624,15,44,69,1627,431,21,190,67,1719,416,34,195,138,1383,397,21,275,90,1464,
100,596,14,46,63,478,385,24,740,66,1288,430,44,192,160,1294,369,21,232,90,8656,
100,2955,34,69,118,898,545,44,291,106,3001,603,107,399,336,9530,574,27,1337,109,1758,
100,879,20,48,67,556,1879,28,147,63,1614,510,43,233,87,2048,472,19,235,412,1465,
100,721,14,46,66,471,400,26,141,57,1433,395,41,202,92,1364,389,18,564,91,1240,
100,852,20,46,59,620,551,22,184,59,1537,1551,44,167,152,1549,4895,26,251,83,50288,
100,885,18,54,77,704,541,23,126,61,12867,731,68,409,118,4346,458,20,222,160,1264,
100,929,23,51,74,690,511,27,139,122,5093,481,41,243,196,1636,474,22,234,78,1263,
100,3111,20,55,72,1167,637,27,1082,66,2066,584,72,243,186,9426,593,31,335,107,1417,
100,953,19,99,70,643,638,27,229,63,1731,581,44,213,95,1421,526,20,216,134,1173,
100,3489,23,51,67,502,490,21,329,59,1434,476,44,167,141,1347,441,20,231,79,1189,
100,1220,15,44,78,546,18197,39,234,79,1388,553,43,217,89,1169,428,22,240,131,2052,
100,911,16,45,59,425,1111,251,681,59,1200,506,37,196,129,1304,1108,22,222,87,1207,
100,732,14,49,61,789,468,21,130,54,1494,540,43,262,89,1453,519,20,480,95,1905,
100,830,17,46,66,463,464,27,142,100,1314,138287,4402,310,298,14006,1252,23,2100,1092,2775,
100,962,17,50,99,511,18673,37,209,72,1775,566,29734,344,109,2473,2916,52,333,253,2725,
150,1643,14,40,50,390,380,19,102,40,1085,380,523,141,102,1067,467,19,174,70,1777,
150,769,11,33,44,432,357,13,86,36,937,366,18,139,87,11544,884,25,172,80,2043,
150,894,52,38,50,420,5358,26,147,48,1066,384,15,140,76,797,385,12,194,68,1248,
150,568,7,30,40,328,378,12,80,32,940,356,18,133,58,787,420,14,153,64,8144,
150,388,8,29,40,437,384,13,82,39,956,290,18,143,60,4118,618,16,533,131,834,
150,460,8,81,50,452,398,13,89,40,1312,471,23,272,68,1009,417,14,177,60,777,
150,7690,15,35,48,392,944,15,94,36,887,2848,22,192,64,1064,430,12,156,103,974,
150,742,10,92,38,288,370,11,76,33,870,340,65,149,62,854,363,12,128,79,653,
150,547,11,30,108,307,379,15,86,34,879,350,18,140,67,890,386,15,137,49,3324,
150,550,12,32,42,553,374,14,92,38,1229,395,24,161,74,1684,416,14,138,50,716,
150,484,11,208,47,439,489,13,88,34,997,389,16,104,90,34568,1377,19,176,67,1625,
150,484,11,28,44,366,605,27,101,41,920,375,19,132,82,884,385,13,131,48,715,
150,972,12,32,48,426,344,21,104,86,4252,543,21,166,85,908,445,14,146,47,686,
150,456,12,28,38,293,272,25,98,36,1524,414,21,173,100,934,428,14,148,189,886,
150,504,10,29,41,328,318,20,94,36,1158,466,18,379,107,777,429,14,544,46,655,
150,532,11,32,41,412,309,18,103,40,938,390,18,146,54,853,394,12,152,46,630,
150,574,744,31,44,320,348,20,102,32,890,59858,34,223,76,1214,515,14,203,40,559,
150,536,13,34,46,478,331,22,108,38,996,411,23,168,65,988,736,18,98,43,4021,
150,556,10,32,49,552,396,21,108,39,1011,391,28,128,92,1023,478,18,104,38,733,
150,457,11,80,64,414,748,23,114,38,986,338,21,157,87,836,366,18,140,40,609,
150,2332,14,30,42,458,405,21,102,54,959,362,26,167,55,9589,641,22,139,49,1715,
150,634,9068,46,62,510,17537,40,152,48,1185,355,22,131,96,920,398,16,110,39,623,
150,560,10,32,46,382,362,28,102,34,923,558,25,172,1378,1196,459,17,110,36,679,
150,760,11,33,47,410,2108,32,130,49,1160,680,27,756,4388,1557,794,20,107,77,466,
150,530,11,26,36,307,336,20,89,32,768,330,21,117,1740,1114,496,18,104,38,554,
150,2122,14,32,40,328,339,22,161,38,885,337,26,166,24567,1416,3544,30,1910,78,1221,
150,721,13,28,35,374,396,24,114,36,869,397,24,190,74,1038,450,18,112,69,591,
150,641,12,8098,70,482,566,27,106,38,1054,603,24,193,66,1000,405,17,100,30,493,
150,668,15,32,48,1029,3972,36,149,38,1005,522,24,140,89,950,410,16,12653,97,1062,
150,4074,18,37,42,413,414,20,114,80,1037,382,229,169,82,1716,399,17,114,32,2986,
150,2431,14,31,40,314,419,22,110,41,975,414,21,663,63,2066,462,18,101,56,517,
150,656,13,33,46,556,383,26,146,41,1766,542,35,190,158,1254,518,26,132,44,1636,
150,630,12,31,48,416,394,22,222,76,994,350,26,183,97,1146,863,26,220,40,7428,
150,47457,22,40,162,447,524,26,108,36,1035,403,28,182,61,904,500,20,105,85,587,
150,638,14,30,310,416,751,24,120,39,868,380,22,155,52,845,504,16,105,76,590,
150,694,11,31,44,478,386,22,98,36,11890,575,26,138,117,1539,474,16,94,37,551,
150,850,12,29,36,281,380,22,132,34,1438,480,111,162,111,1110,522,16,95,37,568,
150,729,12,26,36,371,397,20,91,34,982,433,21,154,56,809,608,15,101,68,570,
150,869,11,28,34,794,424,21,97,37,990,423,26,118,89,968,515,17,98,38,655,
150,594,12,26,34,372,442,20,135,35,916,488,21,230,154,931,535,16,104,38,590,
150,3613,20,28,36,284,423,22,363,46,1025,504,20,223,190,1014,594,22,96,39,606,
150,787,20,32,38,436,872,31,120,35,751,473,32,660,166,967,519,19,112,44,570,
150,579,12,27,36,364,402,20,91,38,927,494,22,190,64,1014,516,26,360,48,726,
150,768,12,32,44,488,456,22,126,39,1012,435,26,127,98,1676,1405,20,130,44,1234,
150,916,13,34,53,427,566,24,132,36,988,834,29,238,418,1345,1607,28,152,43,637,
150,664,12,26,38,339,402,20,98,33,1314,542,24,176,62,1032,577,18,173,38,1879,
150,736,11,31,46,409,398,18,98,31,786,440,20,3074,92,1178,623,23,99,36,12201,
150,932,12,31,44,488,537,23,108,41,1051,534,23,116,97,1002,604,15,98,40,628,
150,605,10,28,35,311,469,20,83,66,688,463,20,135,83,890,481,15,80,32,530,
150,14650,24,87,38,353,3710,34,153,39,1029,851,37,272,70,1124,553,17,108,81,1105,
200,770,9,28,36,269,299,15,75,25,595,10855,28,133,84,807,423,13,77,26,85896,
200,797,69,137,139,783,744,298,534,223,1082,522,28,194,71,2296,809,18,77,30,434,
200,218,1,31,37,355,221,4,67,30,742,845,50766,252,2572,7485,1217,21,153,38,528,
200,249,3,28,35,357,147,4,73,31,699,669,104,257,157,42370,56146,185,296,165,815,
200,253,2,32,38,362,204,4,66,33,1016,230,6,91,74,793,230,3,83,57,471,
200,250,2,28,36,257,158,3,5043,80,717,295,7,133,66,615,198,2,86,30,376,
200,299,1,27,35,2239,188,4,344,43,899,184,6,123,47,753,188,3,36668,85,723,
200,2915,3,36,36,457,547,4,94,36,1195,240,5,104,91,1300,212,3,388,40,469,
200,252,3,27,35,592,159,4,72,31,766,197,7,93,67,1184,304,4,220,39,414,
200,257,2,28,35,83,191,4,64,32,1356,196,5,118,69,733,211,3,81,34,905,
200,241,2,26,34,79,183,3,67,32,6158,311,5,158,5426,7736,345,3,103,40,490,
200,515,4,32,37,93,157,5,75,35,1917,233,7,118,80,513,212,2,83,34,1024,
200,276,2,31,38,82,198,4,70,32,413,181,4,109,60,360,209,2,79,29,208,
200,786,3,27,67,70,182,3,71,12749,99980,830,7,169,59,680,230,3,77,29,239,
200,253,1,26,37,88,17885,6,279,49,672,194,4,111,71,400,217,2,90,37,220,
200,265,2,28,36,82,194,4,147,30,2556,236,4,172,79,440,241,3,80,32,248,
200,270,2,29,36,85,214,4,69,30,444,217,4,118,49,1296,229,2,88,61,245,
200,259,2,26,38,226,159,3,73,29,1498,236,5,122,79,454,213,2,81,32,254,
200,361,3,27,33,85,164,5,94,31,378,205,5,120,68,455,211,5,77,27,230,
200,9845,4,54,1007,91,398,5,103,33,539,1157,5,167,49,429,224,6,98,73,233,
200,258,2,31,36,126,160,4,66,32,412,220,7,215,47,407,384,3,97,36,287,
200,382,2,30,34,104,168,4,71,30,397,287,8,245,89,383,235,2,75,31,784,
200,275,2,28,39,79,188,4,70,34,424,237,4,108,57,381,267,3,80,33,221,
200,268,2,29,65,76,172,4,76,30,406,208,4,103,46,407,219,2,1425,38,294,
200,294,3,30,40,94,169,5,69,27,406,218,6,90,72,410,230,4,83,33,226,
200,297,2,30,37,121,159,4,2143,41,22785,363,10,173,85,779,561,5,102,35,405,
200,286,2,27,39,69,178,3,68,31,415,219,5,115,51,548,237,2,78,59,211,
200,312,2,28,37,103,184,4,76,30,749,225,4,93,74,1009,250,4,74,30,1148,
200,494,2,32,329,68,387,5,120,32,452,237,7,121,75,492,252,4,79,31,261,
200,300,2,31,38,77,200,4,70,32,731,227,4,125,41,385,243,3,92,35,233,
200,264,2,27,36,130,176,4,68,31,348,233,7,93,324,403,224,4,74,27,205,
200,284,2,27,36,74,182,4,73,31,341,215,6,82,72,740,246,3,67,29,209,
200,302,2,28,38,80,210,6,97,32,356,618,4,358,83,807,233,2,77,31,223,
200,356,2,26,38,68,199,4,73,33,384,230,7,129,53,407,257,4,87,36,321,
200,650,2,29,35,145,178,4,70,28,432,228,4,84,71,365,233,3,84,30,1307,
200,337,3,30,42,85,341,4,109,33,679,350,11,146,105,952,272,4,281,57,222,
200,314,4,29,36,75,195,3,74,29,395,599,6,130,51,464,292,3,117,33,228,
200,284,3,29,39,93,204,4,71,33,354,225,4,78,68,378,233,3,85,31,361,
200,1002,4,29,35,78,191,4,112,30,341,213,4,87,66,374,254,4,82,33,247,
200,300,2,26,35,82,166,3,68,30,432,202,4,116,44,374,257,2,103,31,214,
200,290,2,28,36,139,207,4,63,29,367,487,7,93,79,428,283,3,90,33,236,
200,293,2,29,35,80,211,4,68,28,462,272,4,84,66,3061,324,2,110,38,354,
200,339,4,30,37,83,227,4,70,31,964,230,4,122,56,354,246,2,108,30,211,
200,320,2,28,37,146,203,4,70,30,497,285,4,124,48,406,244,3,93,49,238,
200,321,3,31,35,97,201,4,73,30,354,210,4,82,73,7743,570,3,114,42,234,
200,334,3,26,49,71,198,6,79,62,707,1738,9,189,89,464,274,2,79,35,206,
200,334,2,30,41,72,210,4,71,33,372,252,8,109,54,1286,524,4,101,364,247,
200,318,1,26,39,101,204,5,69,31,378,239,9,89,75,385,280,3,83,29,229,
200,449,2,31,39,72,205,5,72,58,497,1028,7,139,72,417,303,3,92,34,231,
200,350,2,30,39,75,406,10,86,34,433,260,6,117,50,406,268,2,78,60,204,
250,252,2,21,29,93,162,2,57,23,611,233,5,63,122,323,251,2,67,26,182,
250,285,1,23,28,58,216,3,61,24,302,213,4,69,61,340,248,2,63,24,202,
250,261,3,23,29,54,148,2,54,24,691,204,6,87,47,406,228,5,89,28,188,
250,306,2,23,31,96,180,5,64,27,293,207,3,83,26,527,249,2,64,27,182,
250,306,2,23,30,147,176,3,79,27,317,266,5,106,553,919,559,3,80,28,190,
250,253,1,22,27,58,184,3,49,24,365,215,3,80,40,384,231,2,60,24,179,
250,292,2,22,32,70,179,2,56,25,285,199,3,81,44,381,240,2,91,24,171,
250,309,2,23,31,92,188,3,60,25,402,214,6,94,34,332,237,3,61,29,283,
250,420,1,23,112,65,217,5,63,25,373,209,4,64,51,298,236,2,65,23,179,
250,257,1,29,30,59,177,3,777,35,324,255,4,92,52,288,221,3,89,25,182,
250,304,2,24,29,86,206,4,55,24,287,228,3,86,28,367,224,2,64,25,183,
250,364,2,23,30,85,186,3,59,24,286,209,3,64,54,377,230,2,68,27,166,
250,305,1,36,48,72,251,6,64,51,279,245,3,87,45,321,278,2,63,24,2015,
250,283,2,24,29,67,181,3,55,24,283,301,2,86,32,324,263,2,62,49,168,
250,282,4,23,28,116,200,3,54,24,287,310,6,137,83,508,327,4,71,27,184,
250,276,2,21,35,64,198,3,64,29,282,250,4,89,47,332,1822,3,608,33,290,
250,335,2,24,28,54,192,4,63,24,3180,562,5,116,33,357,259,2,74,143,171,
250,678,2,21,29,93,204,4,56,22,751,2285,6,107,66,394,280,4,68,40,247,
250,280,2,24,30,117,200,4,148,76,278,210,3,58,48,282,249,2,64,26,186,
250,307,1,23,30,54,171,5,61,26,1316,285,4,102,54,326,6168,3,138,34,354,
250,300,2,26,66,66,204,3,59,25,292,244,6,85,32,3329,335,3,79,28,366,
250,298,1,23,30,92,194,4,55,24,859,240,3,6264,99,405,360,2,70,25,174,
250,365,2,24,27,62,222,4,81,26,627,266,3,86,49,295,300,2,62,27,614,
250,822,1,21,28,50,183,3,56,23,262,236,3,81,27,348,254,2,66,26,174,
250,336,2,20,28,142,532,4,58,23,399,318,6,100,34,590,326,3,71,24,258,
250,329,3,26,27,76,205,4,55,22,268,2529,5,114,92,639,902,5,83,27,212,
250,297,1,24,29,50,209,3,56,25,285,242,3,83,54,291,582,129,80,27,408,
250,286,2,23,54,56,190,3,48,22,259,218,4,72,26,286,250,2,64,25,177,
250,401,2,31,40,108,216,4,80,30,6597,432,7,127,75,628,341,4,86,29,211,
250,361,2,22,30,56,214,4,53,24,280,239,6,88,48,426,272,3,67,28,168,
250,325,2,22,27,58,207,4,53,30,332,241,6,465,63,294,313,3,66,27,175,
250,311,1,24,70,60,220,3,50,22,266,254,4,89,27,296,285,2,65,26,181,
250,330,2,21,29,81,185,2,54,24,260,225,3,60,53,295,250,4,68,25,469,
250,368,3,26,32,59,238,3,54,25,298,246,3,92,46,297,295,2,67,28,267,
250,380,2,22,499,62,214,4,300,31,280,257,4,197,30,306,562,3,72,23,434,
250,694,2,22,30,89,248,3,57,24,276,1077,6,85,53,540,300,4,75,27,192,
250,2083,1,24,31,68,232,3,105,27,255,322,4,91,46,274,279,2,68,23,174,
250,314,1,25,34,61,207,3,53,24,284,272,3,86,26,305,288,2,86,28,236,
250,288,2,21,29,98,200,4,54,22,280,257,6,62,66,281,248,2,68,4097,322,
250,331,3,29,36,70,240,4,78,31,325,339,8,107,70,399,345,3,100,33,258,
250,325,1,24,29,57,216,3,53,24,270,232,4,86,28,314,296,2,90,30,172,
250,368,2,24,31,84,849,3,70,26,309,276,4,74,54,305,315,2,66,23,292,
250,324,2,26,28,76,224,3,139,32,282,276,4,62,56,416,302,2,62,22,172,
250,1217,2,20,25,53,222,2,52,24,1908,5669,6,210,65,4667,4937,4,143,33,440,
250,346,1,61,31,66,221,2,55,22,732,270,4,91,28,296,292,2,69,26,143,
250,1598,1,26,25,100,251,3,59,25,290,575,6,470,93,300,319,2,68,24,253,
250,432,4,32,128,67,450,4,70,391,281,265,5,116,59,302,299,2,12295,274,1033,
250,721,2,81,32,60,207,3,52,24,262,12373,5,672,44,430,445,4,74,49,152,
250,319,2,28,31,146,215,3,53,25,323,250,6,76,30,284,262,2,62,23,149,
250,1133,72,69,25,50,264,2,49,22,205,270,5,58,54,278,292,3,61,22,164,
300,943,1,27,24,51,272,2,45,19,214,212,4,77,44,236,235,2,77,23,133,
300,6645,1,23,23,78,173,2,326,22,287,226,5,80,23,226,237,1,56,21,133,
300,302,2,91836,41241,51,358,3,67,20,213,222,4,56,47,250,244,3,56,23,135,
300,283,1,73,36,50,211,2,43,19,222,266,3,68,122,245,282,2,55,19,140,
300,295,1,400,208,50,12330,3,141,29,270,242,5,73,57,217,261,2,76,19,128,
300,356,1,14,12,52,230,3,44,25,214,266,3,51,23,216,275,2,48,39,120,
300,335,1,15,12,95,196,4,48,24,230,244,3,61,42,232,289,2,64,19,176,
300,288,1,15,12,45,191,2,62,24,196,292,2,75,35,231,559,2,62,18,143,
300,307,1,14,15,160,451,3,52,25,214,256,3,76,24,239,284,2,47,38,130,
300,342,1,14,12,156,193,2,46,23,212,307,5,50,41,289,266,2,50,18,132,
300,304,2,15,12,68,204,6,48,26,269,239,3,46,44,247,269,2,54,21,135,
300,345,2,16,13,48,223,3,53,26,250,30592,4,742,55,516,297,6,58,22,141,
300,308,1,15,32,45,236,2,42,25,193,201,4,66,23,312,695,2,64,22,196,
300,380,3,15,15,72,190,3,1365,41,11505,436,2,82,50,485,264,2,53,18,248,
300,308,1,15,11,42,175,2,47,24,2535,295,6,111,45,218,266,1,57,21,123,
300,379,2,15,61,55,258,2,51,25,197,283,3,76,24,263,235,1,56,113,158,
300,314,1,14,13,77,253,4,48,24,189,217,3,52,39,236,252,2,61,21,138,
300,289,1,14,12,48,220,2,61,24,169,310,4,65,36,225,626,2,56,19,229,
300,365,1,18,16,49,205,3,49,27,210,242,4,73,27,239,260,3,79,25,124,
300,312,1,15,14,85,300,2,46,26,201,278,3,49,42,238,277,2,55,21,131,
300,319,1,15,13,52,245,2,43,26,192,285,2,48,37,231,291,2,49,20,123,
300,381,1,23,16,60,234,2,58,33,253,276,4,98,26,242,317,3,94,23,203,
300,329,1,14,14,53,232,3,45,27,205,265,3,68,23,222,291,1,57,20,123,
300,355,1,17,17,68,214,3,49,30,206,288,3,57,44,248,2757,5,106,24,201,
300,375,2,14,13,47,203,2,103,45,170,249,3,65,35,206,266,1,52,20,114,
300,439,1,90,19,58,327,6,92,42,327,290,5,146,29,259,314,3,108,55,138,
300,322,1,15,12,68,185,2,46,24,184,5475,6,141,59,345,5135,4,133,16398,226,
300,376,2,17,13,40,281,4,59,25,194,251,5,53,38,217,279,2,57,22,125,
300,347,1,15,12,50,245,2,50464,1087,230,366,2,117,35,197,261,2,49,18,108,
300,474,2,13,12,47,228,2,78,37,184,259,2,1614,61,265,358,2,55,21,123,
300,372,3,15,17,73,226,3,3483,296,859,1378,5,124,73,6624,1876,2,1252,69,33319,
300,335,3,12,12,45,211,3,21,40,189,258,5,503,345,255,346,2,95,38,135,
300,316,2,58,12,44,227,2,16,11,192,271,2,46,20,229,289,3,371,89710,212,
300,1185,10,16,98,62,342,4,18,12,451,242,3,31,41,482,346,2,34,11,133,
300,1028,2,12,11,41,434,2,15,11,171,393,4,27,28,254,259,3,38,11,116,
300,339,1,13,11,57,203,3,16,12,192,1247,8982,114,22,286,540,2,60,14,126,
300,307,2,14,12,108,221,2,15,10,188,222,5,27,20,233,289,2,35,12,122,
300,335,1,14,13,55,239,3,15,10,176,280,5,30,37,219,291,1,34,12,122,
300,366,6,17,15,54,533,4,20,15,275,261,3,52,29,214,3041,3,177,13,175,
300,6008,2,13,13,101,221,2,17,12,243,269,3,54,19,273,257,3,38,32,91,
300,317,1,13,12,61,206,2,15,11,184,260,3,28,37,210,288,2,33,13,114,
300,3173,2,18,15,51,361,3,19,35,209,281,3,55,36,244,377,3,44,15,132,
300,1601,14,367,15,52,364,3,17,13,230,298,3,51,19,252,319,1,35,33,130,
300,342,2,12,11,66,243,3,19,15,231,882,13,43,56,289,355,2,41,14,130,
300,370,1,14,13,55,267,3,17,32,193,294,4,51,31,247,328,3,38,13,134,
300,413,1,14,14,49,262,3,17,12,428,301,6,57,17,232,325,3,40,33,188,
300,346,1,13,12,86,252,2,16,13,199,43078,5,106,21,277,419,2,32,12,123,
300,344,2,15,13,44,247,2,18,13,200,473,5,323,47,222,310,1,34,10,120,
300,328,1,12,14,45,218,2,15,11,195,243,3,51,34,268,313,1,56,13,109,
300,340,1,14,13,110,209,2,16,11,202,275,3,51,19,215,290,2,38,13,127,
350,14829,10,13,12,37,351,4,20,13,234,513,5,38,37,200,277,1,40,12,116,
350,167,1,31,12,39,484,2,15,9,139,542,7,28,17,153,393,2,28,10,83,
350,157,1,10,9,35,152,2,12,9,144,180,3,23,16,130,891,2,31,13,90,
350,202,1,10,9,46,209,2,15,9,155,228,2,23,15,141,228,1,28,10,142,
350,176,2,13,10,46,207,2,13,10,155,238,4,26,17,140,249,1,34,11,402,
350,192,1,11,10,40,195,2,16,11,182,242,2,21,16,145,256,1,29,10,77,
350,184,1,12,10,38,192,2,14,9,148,9998,4,36,17,343,231,1,173,10,95,
350,221,1,14,15,41,199,2,32,10,171,241,2,45,46,214,261,2,35,14,10506,
350,889,10,16,15,44,258,3,15,12,218,249,3,57,19,219,276,2,41,41,122,
350,186,1,13,11,82,242,2,19,10,181,642,10,32,35,216,293,2,36,12,150,
350,840,1,10,9,41,205,1,70,9,154,251,2,38,30,183,270,2,28,10,101,
350,230,0,11,11,40,1275,2,16,10,202,261,2,41,15,265,364,1,29,11,104,
350,197,1,12,11,130,200,2,13,10,179,244,4,39,16,236,290,2,30,11,128,
350,254,0,10,10,119,212,2,14,9,177,254,2,24,28,190,270,1,26,9,108,
350,198,1,11,9,38,197,2,14,9,4612,1162,4,84,31,238,327,2,32,11,101,
350,207,1,13,30,43,246,2,13,10,174,289,2,38,16,1697,288,2,28,10,11989,
350,948,9,13,12,85,190,2,14,9,172,231,2,28,31,166,232,1,31,11,92,
350,190,1,12,12,44,222,2,14,10,230,803,8,55,28,308,282,2,32,12,117,
350,261,1,14,12,44,228,2,15,10,181,268,3,39,16,208,286,1,30,12,107,
350,208,1,12,13,98,230,3,15,10,194,240,2,30,36,190,262,1,32,11,101,
350,225,1,11,12,44,266,2,16,12,198,295,2,27,28,189,273,1,32,11,107,
350,176,1,12,11,39,176,3,16,11,194,229,2,46,16,186,250,2,53,11,96,
350,201,1,11,89,46,197,3,16,12,155,232,4,24,15,141,262,2,30,11,78,
350,675,7,12,11,41,229,2,13,9,155,264,2,23,14,142,294,2,28,10,76,
350,203,1,11,11,41,272,2,14,9,153,256,2,24,16,140,288,1,30,1172,109,
350,268,1,11,11,44,215,2,13,10,159,1021,0,339,218,731,1549,2,33,10,106,
350,985,1,11,10,45,253,2,13,10,155,209,2,22,17,127,257,1,30,10,84,
350,209,1,11,12,43,209,2,13,10,159,260,2,25,16,190,254,1,33,10,75,
350,212,2,15,14,39,278,2,14,13,187,308,5,36,18,156,308,2,36,13,75,
350,203,1,18,10,48,266,2,15,12,179,259,3,25,16,137,632,2,31,10,90,
350,204,1,11,11,39,222,2,14,10,150,260,4,24,15,175,290,1,26,11,76,
350,1090,6,11,11,42,203,2,13,9,149,252,3,26,15,141,294,1,30,11,67,
350,191,0,13,11,38,204,2,16,10,165,831,9,31,18,150,292,3,34,11,79,
350,212,1,13,10,44,173,2,14,11,216,228,2,29,17,140,271,2,32,13,75,
350,229,1,10,10,38,182,2,17,13,216,218,2,33,22,244,306,2,39,17,158,
350,215,1,15,12,41,208,2,18,13,187,244,3,54,17,214,280,2,56,15,131,
350,202,1,12,11,78,216,2,15,10,226,242,4,29,33,195,296,1,33,10,105,
350,227,1,10,11,45,239,2,14,10,161,276,2,28,28,258,291,2,36,11,214,
350,972,7,11,12,44,224,3,17,10,193,327,2,46,19,229,266,1,31,10,94,
350,208,1,11,10,41,216,2,14,11,172,726,9,42,15,210,273,1,30,14,115,
350,183,1,12,10,55,204,2,14,9,167,272,2,25,31,192,240,1,35,10,69,
350,235,1,11,10,43,376,2,14,10,165,305,2,26,16,301,312,1,33,10,69,
350,244,1,12,13,47,250,2,14,10,164,290,2,26,17,148,346,3,28,12,84,
350,280,1,10,10,37,208,2,12,8,146,263,2,24,15,146,262,1,28,11,73,
350,319,2,17,16,49,218,3,20,14,243,382,3,27,15,563,254,1,32,16,71,
350,1115,8,11,12,38,233,2,15,10,152,252,4,26,15,134,408,2,29,11,156,
350,220,1,11,10,39,236,2,16,56,153,776,9,25,16,148,321,1,25,10,79,
350,226,1,12,12,40,224,2,13,9,176,310,3,38,17,156,300,1,36,13,278,
350,255,1,15,14,53,266,2,18,11,180,404,4,36,21,176,458,2,30,12,77,
350,275,1,13,14,52,284,3,20,13,206,333,4,30,18,490,4672,2,36,11,153,
400,865,1,9,9,28,207,2,13,9,131,266,2,25,14,106,262,1,24,9,62,
400,801,0,27,9,42,210,1,10,8,123,472,3,22,11,163,265,1,24,9,67,
400,1065,1,179,217,153,181,2,12,10,155,234,2,22,11,155,220,2,26,11,66,
400,173,0,10,9,32,175,2,11,9,141,764,8,26,14,134,308,1,26,11,70,
400,276,1,11,11,44,228,2,13,13,157,5217,3,34,13,159,350,2,27,9,69,
400,190,0,8,8,33,173,2,11,9,126,1280,2,25,13,116,249,2,29,9,65,
400,261,1,10,10,33,1428,2,33,8,174,235,2,23,13,115,256,1,26,9,72,
400,197,1,10,9,33,182,2,11,9,132,1050,3,23,13,116,247,1,26,10,63,
400,2603,9,19,11,33,233,2,12,9,149,276,3,25,15,129,366,1,29,9,73,
400,211,1,9,8,34,243,2,11,8,131,6923,9,35,14,149,1515,2,30,9,90,
400,204,1,10,8,32,166,1,12,9,128,199,2,23,14,113,1146,1,35,10,100,
400,214,0,10,10,39,205,2,14,12,171,251,3,33,18,131,291,1,25,70,81,
400,250,1,12,11,44,219,2,13,11,161,407,3,28,15,174,294,1,26,11,69,
400,223,1,9,9,38,227,2,13,8,147,249,3,23,16,113,226,1,30,9,60,
400,216,1,9,9,40,195,2,12,9,134,250,2,22,14,138,296,2,28,11,74,
400,816,6,11,10,32,474,2,12,9,146,259,2,24,18,125,286,1,25,9,62,
400,223,1,12,9,38,180,1,14,10,147,1628,8,47,21,181,375,2,33,12,68,
400,355,1,10,9,33,294,2,16,9,221,224,2,25,16,192,238,1,25,8,109,
400,282,1,11,10,35,187,2,13,9,139,223,3,25,13,116,260,1,29,9,65,
400,198,1,9,8,50,195,2,12,9,151,240,2,24,13,182,261,1,26,24,64,
400,229,1,9,9,34,224,2,13,8,144,285,2,21,14,132,288,1,23,12,67,
400,942,7,11,10,37,232,2,12,8,147,262,2,25,13,159,293,1,30,9,82,
400,282,1,10,9,42,287,1,12,9,146,601,7,26,12,130,318,1,27,10,71,
400,226,1,10,9,39,225,1,12,9,130,269,2,22,14,127,293,1,24,10,67,
400,252,1,10,9,44,263,2,13,9,141,5473,3,30,14,203,279,1,26,9,57,
400,243,1,9,7,40,203,2,13,8,128,293,2,54,14,125,314,1,23,8,75,
400,318,1,9,10,35,199,13,12,16,158,291,2,21,25,155,324,1,25,8,68,
400,242,1,9,8,33,209,3,12,9,139,328,2,28,15,162,279,2,26,11,68,
400,1060,1,2,2,18,383,3,14,11,173,280,2,30,21,121,920,11,33,11,113,
400,234,1,9,8,35,214,2,11,8,182,782,0,23,5,106,284,2,34,14,442,
400,228,1,10,9,38,250,2,12,9,136,296,2,22,13,169,323,1,24,8,105,
400,219,1,10,11,33,205,3,12,9,138,247,2,20,13,125,943,2,220,10,78,
400,240,1,9,10,35,681,3,12,8,154,282,2,21,14,125,316,1,26,11,65,
400,251,1,11,9,40,187,2,13,10,133,213,3,21,15,116,265,2,27,9,179,
400,4077,10,10,10,39,961,7,14,9,798,16962,3,30,14,158,318,1,26,7,60,
400,241,1,9,9,37,371,2,13,9,193,886,7,78,17,251,1770,0,389,191,382,
400,228,1,9,9,37,219,2,11,8,129,270,5,21,51,131,296,1,28,9,64,
400,240,1,9,8,34,599,2,13,8,261,329,3,22,14,150,417,2,27,9,79,
400,224,1,9,8,360,247,2,12,34,139,254,2,24,15,127,377,1,25,10,69,
400,235,1,11,9,35,22426,6,17,9,136,326,3,22,13,271,297,2,24,9,66,
400,886,6,9,9,36,564,6,13,8,136,292,3,21498,34,148,307,2,27,9,58,
400,220,1,9,8,37,204,2,12,7,123,781,7,25,13,131,704,5,27,10,96,
400,225,1,10,10,1030,18346,2,15,8,156,242,3,24,11,107,302,1,27,8,67,
400,234,1,9,9,31,213,2,13,9,163,260,2,21,13,195,276,2,26,12,70,
400,222,1,9,10,31,268,2,12,9,131,226,3,23,14,107,262,2,28,9,60,
400,269,1,11,11,43,250,2,14,9,151,1653,2,26,13,195,326,1,28,15,76,
400,951,10,10,10,35,750,7,14,9,155,290,3,25,15,129,297,3,37,9,70,
400,233,1,8,9,34,240,2,13,61,137,938,8,26,16,144,876,1,26,3,60,
400,257,2,9,8,37,255,2,12,11,139,303,2,21,14,127,333,1,27,9,63,
400,269,1,12,10,38,221,2,13,10,152,332,4,78,18,132,3078,2,37,12,135,
450,204,0,8,8,29,182,1,12,8,122,268,2,20,14,1630,369,2,26,8,69,
450,209,0,9,8,30,197,1,10,8,125,202,2,20,16,118,374,1,24,7,68,
450,869,1,2,2,15,667,8,13,8,141,13214,3,29,13,143,268,1,26,10,58,
450,209,1,10,8,30,211,2,11,8,119,720,0,16,6,92,5032,0,23,3,82,
450,238,1,9,9,32,186,2,11,8,121,248,2,20,10,140,306,1,26,9,64,
450,242,0,9,9,31,244,2,12,8,129,252,4,21,13,104,281,1,28,9,66,
450,229,0,9,7,29,204,1,13,8,122,256,2,18,12,113,268,1,24,7,54,
450,308,1,10,10,39,264,2,14,9,157,322,3,26,15,133,334,2,27,10,88,
450,1649,1,2,2,15,1530,0,328,198,303,296,2,20,12,115,14318,1,27,10,98,
450,354,1,10,7,27,556,1,12,8,123,2861,0,31,6,145,762,0,22,4,50,
450,260,1,10,8,36,200,1,10,8,122,268,2,20,44,112,57092,2,229,9,118,
450,264,0,10,9,34,226,2,13,9,172,390,2,22,13,110,315,1,25,8,69,
450,275,0,8,8,31,214,1,11,8,117,255,2,21,13,105,342,2,24,10,70,
450,817,6,10,9,28,365,6,14,8,127,266,3,20,15,157,5300,2,28,9,107,
450,224,1,8,8,32,211,2,12,9,120,5982,8,28,13,16046,698,11,27,12,71,
450,617,0,8,8,152,234,1,12,7,126,273,2,20,14,113,302,1,22,9,95,
450,220,1,7,8,34,226,1,10,7,113,275,1,19,11,105,302,1,20,9,60,
450,236,1,10,9,31,215,2,13,8,123,270,2,20,13,2744,334,1,22,9,61,
450,234,1,9,8,30,210,1,13,7,118,222,3,768,16,102,511,1,25,8,64,
450,793,7,9,9,27,508,5,11,8,123,255,2,20,12,96,289,1,23,9,60,
450,331,1,8,1527,31,246,2,88,13,168,3734,8,25,12,140,1779,10,29,10,95,
450,244,0,8,7,32,230,1,10,7,121,280,2,21,13,108,282,2,22,8,59,
450,267,0,10,9,36,239,2,12,8,135,288,2,25,14,120,244,2,24,12,61,
450,262,0,10,9,33,226,2,12,9,166,266,3,20,14,108,291,1,23,9,62,
450,585,6,9,8,28,450,5,13,9,152,232,2,22,12,95,251,2,24,9,50,
450,236,1,8,8,28,230,2,10,8,172,503,6,22,14,113,4412,10,27,9,101,
450,440,1,8,8,38,276,2,10,8,122,241,4,21,12,102,279,1,21,8,147,
450,244,1,8,8,74,210,2,10,7,112,23087,3,30,12,132,336,1,23,7,53,
450,238,1,9,8,32,227,2,11,8,126,438,2,21,12,147,298,1,24,9,60,
450,270,1,9,9,35,297,2,12,8,120,249,1,19,12,143,266,2,22,9,59,
450,2663,6,9,9,34,774,5,12,8,121,26612,2,37,15,155,307,1,27,11,113,
450,272,1,9,8,31,189,2,11,9,124,809,0,20,5,100,889,0,18,3,43,
450,250,1,9,7,30,231,1,10,7,123,281,2,20,12,109,295,1,24,8,61,
450,242,0,8,8,32,238,1,11,8,13626,334,3,23,13,106,247,1,23,9,58,
450,252,1,7,8,28,225,1,11,8,198,256,3,49,12,92,269,1,26,46,60,
450,767,7,13,13,41,607,8,12,8,110,274,2,23,13,104,3100,2,30,8,105,
450,312,1,8,8,31,220,2,10,7,104,768,7,26,13,121,829,7,24,9,74,
450,206,1,8,8,28,204,2,11,8,92,257,1,19,12,112,276,1,21,7,52,
450,253,0,8,7,30,198,1,10,7,98,251,3,20,12,104,295,1,22,9,52,
450,256,1,8,8,33,221,1,10,7,104,264,1,20,11,136,279,1,24,9,56,
450,588,5,10,8,33,354,5,11,7,109,243,3,21,11,96,290,1,22,9,67,
450,260,1,8,8,32,234,1,10,7,108,185,0,188,245,650,634,8,24,9,70,
450,304,0,9,9,31,266,1,11,7,113,143,0,16,7,106,351,2,41,12,100,
450,263,0,7,7,32,241,2,11,7,104,99,0,16,6,94,311,2,25,9,64,
450,257,1,8,9,33,241,2,11,8,105,94,0,17,7,99,307,2,23,8,62,
450,250,0,8,8,34,228,2,12,9,108,95,0,16,8,92,313,2,24,9,458,
450,945,1,2,2,16,602,0,10,2,77,85,0,15,5,86,261,1,24,8,58,
450,262,0,9,8,33,248,2,10,7,139,101,0,14,6,92,719,0,17,3,46,
450,294,1,10,9,30,204,2,11,9,105,100,0,18,7,92,319,2,25,10,64,
450,294,0,191,181,292,254,2,10,7,106,100,0,18,6,106,321,2,23,8,63,
500,207,1,1,2,243,236,2,10,7,94,89,0,17,5,79,287,1,20,6,54,
500,197,1,1,2,38,2686,11,13,7,108,107,0,17,5,89,310,1,19,7,56,
500,210,1,1,2,67,219,2,11,8,104,95,0,14,5,632,790,8,23,8,66,
500,298,1,1,2,33,188,2,10,11,168,83,0,14,5,74,328,31,21,12,130,
500,204,1,1,2,67,341,1,11,7,91,95,0,14,5,87,259,1,19,7,51,
500,178,1,1,2,33,199,2,10,8,131,85,0,14,5,76,267,1,28,8,57,
500,206,0,1,2,66,1561,7,11,7,97,116,0,17,5,84,304,1,21,7,52,
500,193,1,1,2,34,229,2,10,7,97,97,0,15,5,79,676,7,22,9,60,
500,198,0,1,2,38,215,2,10,7,97,95,0,14,35,80,263,1,21,7,49,
500,191,1,1,2,32,188,1,10,6,89,83,0,15,5,72,265,1,19,8,49,
500,240,1,1,2,66,210,1,10,7,120,101,0,19,6,86,257,3,23,9,52,
500,193,1,1,2,34,643,7,11,8,101,93,0,15,5,83,294,1,21,8,52,
500,193,0,2,2,67,220,2,9,7,92,91,0,13,5,82,760,8,22,10,70,
500,197,1,1,2,38,232,1,10,7,101,95,0,15,5,84,297,1,20,8,91,
500,198,1,1,2,68,2475,2,13,7,107,1071,0,23,6,99,384,2,23,9,63,
500,195,1,1,2,39,215,2,9,7,95,91,0,16,5,140,276,1,20,8,56,
500,194,1,1,2,63,541,8,10,7,862,135,0,17,7,87,329,1,25,8,51,
500,301,1,1,2,29,259,2,10,8,99,194,0,248,140,1137,206,0,210,15112,433,
500,201,0,1,2,40,189,1,9,6,90,93,0,12,5,91,97,0,15,3,38,
500,256,1,2,2,19,241,2,13,8,119,95,0,18,5,88,98,0,18,3,37,
500,201,1,1,2,16,15920,3,15,7,107,113,0,17,5,82,88,0,17,3,35,
500,201,0,1,2,17,669,0,172,53,80,162,0,17,5,121,96,0,19,3,39,
500,206,0,1,3,17,254,2,10,8,103,89,0,16,5,94,97,0,17,3,43,
500,203,1,1,2,14,201,1,10,7,103,87,0,15,6,83,88,0,18,2,35,
500,212,0,1,2,17,227,2,9,7,97,83,0,14,5,81,89,0,17,3,42,
500,328,1,1,3,15,252,2,10,8,96,90,0,15,5,83,90,0,18,3,40,
500,226,0,2,2,20,1699,0,13,1,93,101,0,15,5,92,9799,0,90,3,73,
500,216,0,1,2,14,236,2,11,8,103,104,0,14,6,86,98,0,16,3,37,
500,225,1,1,2,99,218,2,11,6,98,143,0,19,5,102,93,0,16,2,128,
500,278,1,2,2,14,187,1,10,9,93,86,0,14,6,140,152,1,40,4,37,
500,227,1,1,2,16,244,2,10,8,99,89,0,15,5,149,86,0,17,3,35,
500,239,1,1,2,14,638,0,9,2,76,89,0,14,6,88,90,0,17,3,38,
500,219,1,2,2,17,246,1,10,6,103,91,0,17,6,121,93,0,17,5,37,
500,205,1,1,2,17,261,2,10,8,39043,233,0,19,6,97,16731,0,23,3,73,
500,210,1,1,2,18,780,0,243,189,2083,224,0,18,6,105,91,0,18,2,37,
500,211,0,1,2,14,5182,0,15,2,99,106,0,18,5,86,97,0,17,3,38,
500,219,1,1,2,16,70,0,9,1,84,345,0,18,5,88,99,0,20,3,38,
500,254,1,2,2,19,78,0,8,2,80,83,0,15,5,88,92,1,18,3,37,
500,235,1,1,2,16,75,0,8,1,78,90,0,15,5,122,96,0,18,2,37,
500,783,0,1,2,16,78,0,8,1,75,87,0,15,5,88,97,0,16,3,38,
500,211,1,2,2,16,64,0,8,1,76,84,0,14,6,135,87,0,17,3,34,
500,232,1,1,2,13,70,0,9,1,78,92,0,13,4,77,98,1,18,4,39,
500,220,1,1,2,18,65,0,7,2,76,86,0,13,6,85,94,0,17,3,37,
500,217,1,1,2,17,72,0,9,1,77,91,0,15,4,87,97,0,17,2,32,
500,220,1,1,2,16,66,0,8,2,81,85,0,13,5,87,94,0,16,3,37,
500,205,1,1,2,15,75,0,7,2,240,90,0,14,6,95,5839,0,25,2,77,
500,205,1,1,2,49,71,0,9,2,83,91,0,13,6,83,87,0,20,3,32,
500,244,0,2,2,16,77,0,7,2,73,92,0,13,5,87,97,0,16,3,36,
500,110,0,1,1,12,66,0,5,1,45,101,0,10,4,79,93,0,9,2,35,
500,102,0,1,2,13,68,0,4,1,45,90,0,10,4,73,103,0,9,2,37,
550,209,0,1,2,16,60,0,7,1,71,117,0,14,5,82,91,0,20,3,36,
550,192,0,3,2,13,79,0,7,2,75,81,0,13,5,935,141,0,17,2,36,
550,201,0,1,2,15,74,0,7,1,70,86,0,232,7,77,92,0,17,3,34,
550,201,0,1,2,13,72,0,8,1,70,91,0,12,4,74,98,0,13,2,34,
550,218,1,2,2,15,68,0,10,1,77,104,0,12,4,76,92,0,15,2,34,
550,83,0,0,1,9,285,0,4,1,49,80,0,8,4,73,86,0,8,2,33,
550,154,1,1,1,12,60,0,6,1,60,80,0,11,5,76,88,0,11,2,33,
550,111,0,0,1,12,65,0,4,1,50,80,0,8,5,103,86,0,10,177,169,
550,208,0,1,2,15,60,0,7,1,70,93,0,12,5,76,92,0,213,19,36,
550,206,1,2,2,15,67,0,7,1,69,103,0,12,4,69,87,0,11,2,31,
550,298,0,1,1,13,73,0,6,1,70,83,0,12,5,62,81,0,11,1,6171,
550,1212,0,2,2,19,172,0,11,2,86,283,0,14,4,66,92,0,13,2,37,
550,234,0,1,2,10,69,0,9,1,106,83,0,12,4,82,953,0,14,2,69,
550,233,0,1,1,14,69,0,7,2,69,88,0,13,4,74,91,0,12,1,31,
550,161,0,1,2,13,69,0,5,2,62,96,0,11,4,77,101,0,10,48,42,
550,193,0,1,2,12,68,0,7,1,63,85,0,12,4,68,104,0,11,1,122,
550,225,0,1,1,14,68,0,7,1,69,98,0,12,4,73,92,0,10,1,31,
550,220,0,1,1,14,6791,0,14,1,84,130,0,14,4,131,111,0,12,2,32,
550,216,0,1,1,14,127,0,8,1,67,87,0,12,6,72,100,0,11,2,55,
550,15286,1,1,2,16,182,0,9,1,117,95,0,16,4,65,91,0,10,1,26,
550,2182,0,1,1,16,149,0,9,1,78,86,0,115,4,93,1744,0,15,1,56,
550,8477,1,1,2,16,76,0,8,1,77,97,0,13,5,75,100,0,10,1,32,
550,222,0,1,1,14,75,0,7,1,78,96,0,13,5,77,129,3,143,2,87,
550,1196,0,1,2,18,330,0,47,2,125,105,0,16,5,80,101,0,13,2,31,
550,252,1,1,2,17,67,0,8,1,77,87,0,14,6,78,94,0,12,2,601,
550,297,1,1,1,14,64,0,8,1,69,124,0,14,4,62,743,0,14,2,39,
550,210,0,1,1,15,66,0,7,1,65,86,0,13,35,74,94,0,10,1,30,
550,252,0,1,1,15,74,0,8,1,71,90,0,14,4,67,95,0,11,2,32,
550,201,0,1,2,14,74,0,7,1,70,99,0,15,5,76,104,0,10,2,33,
550,225,0,1,2,16,77,0,8,1,75,91,0,13,4,66,97,0,11,1,32,
550,235,0,1,2,15,70,0,7,1,71,96,0,13,5,70,515,0,13,2,33,
550,453,3,2,4,21,90,0,8,1,84,88,0,17,6,72,98,0,16,1,70,
550,242,1,1,1,13,124,0,8,2,69,88,0,12,4,67,87,0,12,2,48,
550,160,0,1,2,26,73,0,7,1,53,88,0,12,4,73,99,0,10,1,28,
550,249,1,1,7,12,74,0,8,1,63,98,0,13,4,72,115,0,11,1,31,
550,625,0,1,1,30,77,0,5,1,62,92,0,14,5,66,103,1,12,1,30,
550,241,1,1,2,14,90,0,11,2,70,221,0,17,5,74,117,0,15,1,32,
550,143,0,2,1,12,79,0,6,1,60,101,0,15,4,98,107,0,9,1,35,
550,241,1,1,2,13,77,0,9,1,73,103,0,17,6,81,171,0,37,2,38,
550,346,1,2,1,14,68,0,8,1,86,91,0,16,11,160,133,0,15,1,37,
550,278,1,1,3,18,70,0,11,2,98,98,0,20,6,62,244,1,18,2,42,
550,338,1,1,2,18,108,0,9,2,88,141,0,16,5,81,136,0,10,2,29,
550,236,0,1,1,10,72,0,6,1,83,105,0,11,3,66,106,0,10,1,73,
550,191,0,1,2,13,74,0,5,1,54,100,0,12,5,66,104,0,13,1,33,
550,165,0,1,1,11,73,0,6,1,52,94,0,11,4,69,100,0,10,1,35,
550,373,0,1,1,11,87,0,5,1,45,111,0,10,30,71,102,0,10,1,29,
550,121,0,0,1,10,78,0,5,1,42,94,0,9,3,59,106,0,7,1,31,
550,109,0,1,1,9,68,0,4,1,40,175,0,10,4,82,142,0,7,1,30,
550,217,0,1,2,14,73,0,7,1,63,94,0,14,4,75,1416,0,16,2,46,
550,296,0,1,1,12,72,0,8,1,73,922,0,15,4,72,129,0,11,2,28,
600,1412,0,1,2,15,134,0,7,1,70,90,0,12,3,67,384,0,13,1,32,
600,225,0,1,2,333,93,0,8,1,78,87,0,23,3,58,113,0,10,2,33,
600,218,0,1,1,13,350,0,7,1,57,93,0,12,4,62,179,0,13,1,48,
600,244,0,1,1,13,75,0,21,1,62,94,0,10,4,434,142,0,11,1,32,
600,220,0,1,2,12,69,0,7,2,62,87,0,11,4,57,89,0,9,1,28,
600,268,1,3,2,15,78,0,14,1,78,98,0,14,5,76,108,1,14,2,33,
600,249,1,1,2,12,68,0,6,1,84,93,0,13,4,456,127,0,10,1,30,
600,210,0,1,1,13,71,0,7,1,59,93,0,13,5,69,102,0,11,2,29,
600,152,0,1,1,12,74,0,7,1,47,96,0,11,4,84,101,0,7,1,30,
600,136,0,1,2,11,71,0,4,1,47,94,0,9,4,67,101,0,8,2,28,
600,233,0,1,1,14,83,0,7,1,395,86,0,11,4,58,87,0,10,1,25,
600,288,0,1,2,15,79,0,8,1,101,95,0,13,4,69,119,1,12,1,74,
600,261,1,2,1,11,171,0,8,1,130,256,0,13,4,94,100,0,10,1,28,
600,254,0,1,1,13,73,0,6,1,57,84,0,12,4,63,106,0,11,2,25,
600,1553,0,1,1,14,96,0,8,1,59,112,0,14,76,388,134,0,10,2,34,
600,240,0,1,1,14,74,0,6,1,57,93,0,12,4,69,95,0,9,1,29,
600,216,0,1,2,13,69,0,6,2,55,87,0,11,4,65,99,0,12,1,26,
600,231,0,0,1,14,69,0,7,1,55,93,0,12,4,68,87,0,9,1,30,
600,238,0,1,1,12,70,0,7,1,52,90,0,14,4,63,90,0,11,1,27,
600,244,0,1,1,14,74,0,6,1,57,100,0,11,4,70,106,0,10,2,29,
600,211,0,1,1,11,72,0,5,1,49,92,0,10,5,277,302,0,12,2,34,
600,231,0,1,1,11,74,0,6,1,48,90,0,10,6429,108,237,0,11,1,29,
600,268,1,1,1,13,72,0,6,1,56,92,0,11,4,64,90,0,10,1,27,
600,305,1,1,2,17,74,0,10,1,79,93,0,14,4,64,110,0,17,1,28,
600,284,1,2,1,16,74,0,7,2,65,94,0,17,5,70,107,0,12,1,26,
600,255,0,1,1,15,76,0,7,1,58,97,0,12,5,99,649,0,14,1,38,
600,238,1,1,1,14,70,0,8,1,52,91,0,10,4,61,101,0,10,2,28,
600,186,1,1,1,11,88,0,7,1,62,100,0,14,5,68,103,0,10,1,29,
600,290,0,1,2,13,74,0,7,5,63,94,0,13,4,72,108,0,15,1,31,
600,227,0,1,1,14,73,0,6,1,55,136,0,14,4,61,99,0,10,1,25,
600,205,0,0,1,10,72,0,6,1,48,98,0,12,4,64,103,0,9,1,30,
600,158,0,1,1,11,89,0,5,1,47,112,0,12,4,96,94,0,11,1,28,
600,177,0,1,1,10,72,0,5,1,49,98,0,10,4,60,97,0,11,1,27,
600,544,0,1,1,10,78,0,5,1,48,223,0,14,4,68,101,0,10,1,29,
600,288,0,1,1,12,1872,0,11,1,61,100,0,14,4,60,93,0,10,1,26,
600,148,0,0,1,10,81,0,5,1,43,97,0,12,4,105,105,0,8,1,26,
600,392,0,1,1,11,70,0,5,1,45,95,0,11,5,65,99,0,13,1,27,
600,130,0,1,1,10,67,0,4,1,64,121,0,8,3,70,113,0,7,1,29,
600,117,0,1,1,9,74,0,4,1,54,100,0,8,3,67,101,0,7,4,86,
600,5025,1,2,2,14,271,0,9,1,59,185,0,12,4,65,98,0,10,1,29,
600,264,0,1,2,15,74,0,6,1,56,97,0,11,3,59,101,0,11,1,28,
600,586,0,1,1,13,105,0,5,1,49,98,0,29,4,60,104,0,10,1,26,
600,159,0,1,1,11,72,0,4,1,48,102,0,12,4,62,100,0,8,1,27,
600,409,0,1,1,15,96,0,6,1,43,106,0,10,3,67,113,0,8,1,28,
600,254,0,0,1,11,96,0,7,1,54,88,0,11,3,86,94,0,10,1,24,
600,278,0,1,2,14,102,0,6,1,57,99,0,12,5,66,101,0,9,1,28,
600,159,0,1,1,10,71,0,5,1,41,94,0,10,3,62,97,0,9,1,27,
600,118,0,0,2,8,74,0,4,1,38,104,0,8,4,61,105,0,6,1,27,
600,118,0,1,1,8,112,0,4,1,38,105,0,7,4,64,105,0,6,1,28,
600,141,0,0,1,9,73,0,5,1,42,107,0,9,3,55,107,0,9,1,29,
650,140,0,0,1,8,68,0,4,1,221,96,0,11,3,208,834,0,13,1,34,
650,241,0,1,1,11,72,0,7,1,51,90,0,9,4,58,99,0,10,1,25,
650,250,0,1,1,13,75,0,6,1,53,98,0,29,3,52,68750,0,13,1,52,
650,242,0,1,1,12,73,0,6,1,53,150,0,12,4,63,99,0,11,1,26,
650,240,0,1,1,13,70,0,6,1,52,92,0,10,4,67,102,1,9,2,27,
650,312,0,1,1,12,73,0,6,1,54,97,0,10,3,61,103,0,9,1,26,
650,256,0,1,1,12,74,0,6,1,76,96,0,9,4,61,99,0,9,1,25,
650,240,0,1,1,12,76,0,6,1,51,94,0,10,4,60,101,0,9,1,26,
650,238,0,1,1,13,74,0,7,1,57,245,0,13,4,67,108,0,9,1,26,
650,250,0,1,1,13,72,0,6,1,52,95,0,10,4,71,102,0,9,1,26,
650,239,0,1,1,12,72,0,6,1,53,98,0,11,4,62,100,0,9,1,26,
650,246,0,1,1,14,76,0,5,1,52,93,0,11,4,60,99,0,9,1,49,
650,444,1,1,2,19,97,0,12,2,89,535,0,15,3,213,100,0,9,1,24,
650,264,0,1,1,13,76,0,7,1,52,104,0,11,4,120,108,0,8,1,40,
650,275,0,1,2,78,78,0,6,1,63,96,0,19,8,85,102,0,18,1,32,
650,670,0,1,1,33,102,0,7,1,59,105,0,13,12,90,105,0,9,1,41,
650,5747,2,1,1,21,74,0,6,1,103,94,0,13,4,89,94,0,10,2,40,
650,270,0,1,1,13,74,0,6,1,76,102,0,21,4,95,107,0,11,1,33,
650,364,0,1,1,14,89,0,7,1,55,96,0,11,9,97,108,0,9,1,41,
650,211,0,1,1,33,80,0,7,1,60,93,0,12,12,108,98,0,9,2,42,
650,299,0,1,2,13,90,0,8,1,70,96,0,20,10,76,100,0,19,1,31,
650,611,0,1,1,26,162,0,7,1,66,101,0,13,12,81,97,0,9,1,42,
650,4770,1,1,27,15,141,0,7,1,68,106,0,20,4,88,97,0,11,1,123,
650,310,0,2,2,14,659,0,8,1,110,137,0,24,4,78,94,0,19,1,29,
650,264,0,1,1,11,84,0,6,1,50,108,0,12,11,86,103,0,10,1,39,
650,516,0,1,1,24,77,0,5,1,53,98,0,45,4,90,100,0,12,19,48,
650,508,0,1,1,10,82,0,6,112,47,104,0,19,9,82,113,0,9,1,34,
650,317,0,1,1,24,117,0,6,1,61,93,0,9,12,86,102,0,10,1,41,
650,502,0,12,1,11,77,0,144,33,93,188,0,23,3,85,112,0,10,1,44,
650,271,0,1,1,17,92,0,104,23,88,112,0,20,12,87,108,0,19,1,30,
650,145,0,1,1,17,73,0,4,1,49,104,0,9,11,88,102,0,8,1,67,
650,143,0,1,1,10,73,0,4,1,47,110,0,16,3,93,120,0,6,1,42,
650,508,0,1,1,10,79,0,4,15,41,1047,0,410,15,199,154,0,10,1,42,
650,479,0,27,1,143,158,0,6,1,79,190,0,43,13,215,128,0,10,1,42,
650,1258,1,17,1,50,245,0,6,1,122,338,0,23,4,176,232,0,12,2,46,
650,140,0,1,1,9,74,0,3,1,48,98,0,30,10,92,101,0,6,1,35,
650,107,0,0,1,16,96,0,3,1,44,97,0,7,11,102,109,0,5,1,40,
650,116,0,0,1,9,69,0,2,1,58,101,0,16,3,91,102,0,5,8,32,
650,119,0,0,1,9,73,0,3,8,36,106,0,17,9,127,108,0,8,1,95,
650,146,0,1,2,8,75,0,4,1,45,103,0,25,7,104,127,0,8,1,111,
650,810,0,1,1,12,234,0,7,1,76,108,0,20,10,83,183,0,11,1,39,
650,542,0,1,1,40,92,0,8,1,74,97,0,16,16,89,112,0,20,2,40,
650,670,1,1,2,13,90,0,6,1,68,1212,0,64,5,128,116,0,11,1,39,
650,541,0,1,2,12,89,0,6,1,64,110,0,20,9,83,112,0,18,1,32,
650,137,0,1,1,20,84,0,4,1,45,101,0,32,15,95,110,0,7,1,38,
650,143,0,1,1,8,70,0,4,1,45,104,0,17,4,87,117,0,8,1,42,
650,136,0,0,2,9,77,0,5,14,36,102,0,19,10,82,109,0,7,1,34,
650,128,0,0,1,18,73,0,4,1,154,106,0,11,14,96,129,0,11,1,45,
650,306,0,25,1,11,195,0,103,1,78,224,0,60,5,95,137,0,10,2,85,
650,5848,1,2,2,16,264,0,9,1,113,113,0,22,10,86,116,0,52,1,70,
700,301,1,1,1,33,75,0,7,1,73,98,0,13,12,196,95,0,13,1,421,
700,239,1,0,1,10,68,0,5,1,55,114,0,20,3,76,300,0,10,1,85,
700,197,0,1,1,10,76,0,4,9,43,100,0,18,9,87,192,0,9,1,36,
700,211,0,0,1,18,102,0,13,1,46,100,0,8,12,76,98,0,6,1,39,
700,137,0,1,1,10,77,0,4,1,45,102,0,17,8,85,110,0,7,1,38,
700,1162,1,1,1,11,81,0,5,1,60,133,0,20,9,113,111,0,9,1,38,
700,521,0,1,1,37,80,0,5,1,56,91,0,11,10,77,102,0,10,1,36,
700,827,0,1,1,12,96,0,6,1,75,92,0,18,4,79,93,0,9,10,30,
700,655,0,1,1,12,123,0,6,1,53,108,0,21,10,92,114,0,11,1,37,
700,200,0,1,1,25,80,0,4,1,51,124,0,10,10,88,121,0,9,1,44,
700,1022,0,1,2,12,101,0,5,1,60,95,0,17,4,88,110,0,10,1,38,
700,839,0,0,1,12,92,0,5,19,47,2309,0,45,9,136,404,0,10,1,159,
700,5574,0,1,1,45,316,0,5,1,58,90,0,10,10,128,139,0,9,1,38,
700,303,1,1,1,13,83,0,7,1,72,95,0,82,10,84,122,0,9,2,44,
700,268,0,1,1,25,71,0,5,1,59,94,0,11,11,74,91,0,12,1,59,
700,450,0,1,1,9,116,0,6,1,52,101,0,17,3,76,92,0,10,1,33,
700,204,0,1,1,9,77,0,5,9,69,97,0,19,9,78,112,0,10,1,29,
700,207,0,1,1,29,71,0,5,1,60,110,0,13,14,92,184,0,13,1,55,
700,565,0,2,2,16,125,0,8,1,85,133,0,29,4,95,177,0,11,1,111,
700,322,0,1,1,10,95,0,16,1,61,107,0,19,9,75,104,0,10,1,40,
700,166,0,0,2,21,74,0,5,1,53,107,0,9,12,93,105,0,7,1,65,
700,198,0,1,1,9,70,0,5,1,57,95,0,20,3,79,107,0,9,9,29,
700,474,0,0,1,8,82,0,4,16,45,112,0,17,10,85,112,0,8,1,40,
700,474,1,1,1,31,126,0,6,1,379,119,0,12,11,78,139,0,10,1,35,
700,190,0,1,1,8,70,0,5,1,49,94,0,17,3,110,102,0,9,9,29,
700,419,0,0,2,9,85,0,5,1,40,93,0,17,9,167,106,0,8,1,37,
700,254,0,1,1,27,84,0,6,1,68,112,0,11,12,1247,231,1,10,1,39,
700,500,0,1,1,10,87,0,5,1,74,104,0,20,3,83,124,0,11,11,31,
700,281,0,1,1,11,142,0,18,1,53,94,0,18,8,74,109,0,1245,3,70,
700,417,0,1,1,32,79,0,6,1,62,110,0,10,11,81,98,0,9,1,40,
700,317,0,0,5,9,85,0,5,0,60,109,0,15,4,105,109,0,15,5,36,
700,165,0,1,1,9,82,0,4,1,42,115,0,9,12,80,104,0,11,1,37,
700,138,0,0,1,17,71,0,3,1,40,132,0,8,12,80,118,0,7,1,37,
700,176,0,0,1,8,77,0,4,1,45,98,0,18,3,296,191,0,11,11,32,
700,183,1,1,1,8,72,0,14,1,41,100,0,18,12,95,110,0,8,1,41,
700,314,0,1,1,22,117,0,6,1,59,117,0,9,11,82,107,0,7,1,36,
700,267,0,0,1,28,80,0,4,1,60,99,0,17,7,76,95,0,17,1,34,
700,266,0,1,1,21,77,0,5,1,55,98,0,10,11,86,94,0,8,3,76,
700,204,0,0,1,8,74,0,4,1,318,797,0,24,3,97,167,0,9,8,28,
700,397,0,1,1,12,96,0,6,1,60,110,0,18,10,97,119,0,9,1,42,
700,344,1,2,2,46,101,0,7,1,95,137,0,12,14,96,145,0,13,2,51,
700,303,1,1,1,14,79,0,5,1,62,130,0,20,3,75,106,0,8,9,27,
700,297,0,1,1,10,77,0,16,1,45,110,0,16,8,78,117,0,10,1,33,
700,314,1,1,1,102,109,0,5,1,56,108,0,10,11,108,117,0,9,1,38,
700,441,0,1,1,12,96,0,6,41,61,107,0,21,3,84,105,0,18,1,29,
700,291,0,1,1,13,109,0,6,1,50,126,0,11,12,77,105,0,9,1,36,
700,289,1,0,1,24,87,0,5,1,62,365,0,11,14,82,118,0,9,1,38,
700,286,0,1,1,12,86,0,5,1,54,108,0,18,4,87,2184,0,14,17,58,
700,251,0,1,1,12,83,0,13,1,41,109,0,17,9,91,129,0,8,1,38,
700,335,0,1,1,33,76,0,6,1,62,108,0,13,13,123,111,0,9,1,35,
750,281,0,1,1,11,81,0,4,1,51,105,0,18,9,79,109,0,17,1,29,
750,285,0,1,1,23,95,0,5,1,38,96,0,10,10,75,98,0,9,1,32,
750,288,0,1,1,31,82,0,4,1,49,109,0,16,3,81,111,0,7,1,36,
750,330,0,1,1,12,80,0,6,1,59,97,0,18,3,81,101,0,9,1,27,
750,263,0,1,1,12,143,0,5,1,121,134,0,10,8,77,105,0,8,1,35,
750,1187,0,1,1,34,222,0,33,1,58,158,0,17,3,75,109,0,8,1,35,
750,340,0,1,1,11,76,0,6,1,66,108,0,24,8,113,142,0,19,1,27,
750,272,0,1,1,18,80,0,5,1,46,99,0,10,11,82,99,0,8,1,33,
750,370,0,1,24,10,542,0,6,1,52,110,0,19,3,74,100,0,8,1,35,
750,263,0,0,2,10,98,0,4,1,47,93,0,17,7,809,173,0,17,1,27,
750,609,0,1,1,10,1555,0,8,0,47,131,0,10,10,75,101,0,8,26,35,
750,306,0,11,1,10,75,0,4,1,48,121,0,17,3,76,220,0,9,1,38,
750,2638,0,1,1,11,163,0,6,1,78,112,0,20,8,199,114,0,9,1,34,
750,274,0,0,24,10,75,0,5,0,50,102,0,19,4,78,98,0,9,1,43,
750,272,0,1,1,10,74,0,5,0,46,106,0,15,2,75,110,0,16,1,27,
750,1680,0,0,1,11,122,0,5,1,43,109,0,10,10,78,106,0,8,1,34,
750,312,0,1,1,19,84,0,5,1,55,101,0,11,10,77,103,0,8,1,36,
750,169,0,0,1,9,85,0,3,1,41,105,0,16,2,77,113,0,8,7,28,
750,271,0,1,1,18,83,0,5,1,50,98,0,10,10,100,103,0,9,1,36,
750,268,0,1,1,10,130,0,5,1,48,104,0,17,3,77,105,0,8,1,39,
750,272,0,1,1,10,132,0,5,11,45,103,0,17,8,78,97,0,8,1,27,
750,464,0,1,1,23,81,0,8,1,107,108,0,12,10,84,125,0,9,1,36,
750,293,0,12,1,10,82,0,5,1,51,108,0,16,4,83,110,0,9,1,36,
750,254,0,1,1,9,76,0,4,1,45,102,0,16,8,72,104,0,8,1,29,
750,269,0,1,1,15,79,0,5,1,597,138,0,10,10,77,103,0,7,1,30,
750,289,0,1,1,11,78,0,5,1,46,105,0,16,3,75,106,0,7,8,28,
750,238,0,1,1,10,79,0,5,8,37,107,0,16,8,80,110,0,8,1,31,
750,181,0,0,1,1014,199,0,5,1,46,133,0,10,10,88,105,0,7,1,33,
750,273,0,1,1,10,82,0,4,1,50,105,0,17,3,76,106,0,8,1,33,
750,254,0,0,1,11,81,0,5,1,43,105,0,17,8,77,117,0,8,1,57,
750,452,1,1,1,24,103,0,4,1,44,118,0,9,10,93,116,0,8,1,38,
750,233,0,0,1,10,80,0,4,1,43,104,0,15,3,77,104,0,8,7,27,
750,254,0,0,1,9,74,0,5,1,37,105,0,16,8,78,104,0,9,1,46,
750,392,0,0,1,14,73,0,3,1,37,102,0,8,226,100,477,0,8,1,42,
750,601,0,1,1,8,88,0,4,1,42,110,0,18,3,78,110,0,7,1,35,
750,163,0,0,1,10,77,0,3,8,32,102,0,14,8,98,107,0,7,1,33,
750,127,0,0,1,15,74,0,2,1,45,164,0,8,10,71,107,0,6,1,34,
750,346,0,0,1,7,81,0,3,0,34,107,0,16,3,135,108,0,7,1,37,
750,286,0,1,1,23,79,0,5,1,50,100,0,11,19,81,151,0,9,3,36,
750,308,0,1,1,9,80,0,5,1,50,100,0,18,3,86,111,0,9,1,34,
750,574,4,0,3,15,92,0,5,19,45,113,0,18,15,78,147,0,10,1,30,
750,285,0,1,1,32,81,0,5,1,48,108,0,10,10,90,110,0,8,1,35,
750,249,0,14,1,9,77,0,4,0,44,142,0,18,3,75,106,0,8,1,33,
750,200,0,0,1,8,121,0,4,1,151,124,0,26,8,77,104,0,12,1,31,
750,262,0,1,1,25,87,0,4,1,41,107,0,8,10,76,114,0,8,1,37,
750,333,1,1,1,13,114,0,6,1,70,144,0,22,4,90,158,0,9,14,36,
750,334,1,1,1,12,87,0,16,1,41,107,0,18,9,217,129,0,8,1,38,
750,459,0,0,1,25,81,0,4,1,47,250,0,11,12,151,233,0,8,1,39,
750,296,0,0,1,10,77,0,5,0,130,132,0,21,3,101,966,0,31,1,690,
750,345,0,1,1,11,85,0,5,0,41,153,0,10,13,83,119,0,9,1,37,
800,285,0,0,1,31,324,0,5,1,48,105,0,10,10,124,111,0,9,1,35,
800,403,0,1,1,9,145,0,5,1,52,104,0,18,3,72,96,0,7,9,24,
800,287,0,1,1,10,79,0,5,1,40,103,0,15,8,76,108,0,8,1,32,
800,273,0,1,1,30,81,0,4,1,43,3764,0,16,14,98,194,0,8,1,64,
800,519,0,1,1,12,96,0,4,0,78,99,0,17,8,69,102,0,16,1,27,
800,316,0,0,1,18,77,0,5,0,42,100,0,11,10,86,103,0,8,1,37,
800,306,0,1,1,11,84,0,5,1,50,102,0,17,3,76,112,0,8,1,35,
800,293,0,0,1,10,83,0,5,1,50,124,0,17,3,91,112,0,16,1,32,
800,173,0,0,1,7,81,0,2,1,28,97,0,8,9,67,99,0,7,1,31,
800,361,0,1,2,57,156,0,5,1,55,198,0,14,12,86,130,0,9,1,83,
800,372,0,0,1,10,84,0,6,0,66,106,0,26,8,65,115,0,19,1,27,
800,404,1,1,1,23,86,0,6,1,72,114,0,11,10,119,110,0,8,131,42,
800,338,0,0,1,9,94,0,5,0,48,98,0,27,3,73,103,0,13,1,23,
800,188,0,15,15,9,99,0,4,1,35,113,0,8,10,75,109,0,7,1,33,
800,181,0,0,1,19,105,0,4,1,44,108,0,9,9,71,106,0,8,1,34,
800,289,0,0,1,10,81,0,4,0,109,119,0,20,2,78,123,0,10,8,31,
800,176,0,0,1,7,81,0,4,1,30,110,0,19,14,71,103,0,7,1,40,
800,339,0,1,1,29,83,0,4,1,61,103,0,10,11,93,106,0,8,1,69,
800,655,1,1,1,8,90,0,6,1,67,98,0,20,7,285,139,0,16,1,26,
800,509,0,0,1,19,76,0,4,1,42,99,0,10,10,72,109,0,8,1,29,
800,575,0,1,1,23,87,0,4,1,46,98,0,19,4,112,224,0,9,1,38,
800,178,0,0,1,7,88,0,4,0,131,109,0,17,3,73,115,0,17,1,24,
800,173,0,0,1,7,80,0,4,1,34,101,0,8,8,71,305,0,7,1,35,
800,542,0,1,1,18,83,0,5,0,43,102,0,39,3,86,102,0,8,1,34,
800,170,0,0,1,8,80,0,8,9,36,110,0,19,8,101,111,0,7,1,28,
800,140,0,0,1,15,78,0,3,1,37,102,0,7,12,68,105,0,5,1,31,
800,173,0,10,1,7,145,0,3,1,34,108,0,16,2,73,123,0,8,1,40,
800,184,0,0,1,9,82,0,3,1,43,113,0,15,8,74,116,0,8,0,23,
800,168,0,0,1,14,79,0,3,0,29,94,0,7,8,67,102,0,5,1,52,
800,1425,0,1,1,11,302,0,5,1,64,115,0,17,36,78,124,0,8,8,27,
800,314,0,0,1,8,76,0,4,11,38,108,0,23,19,92,114,0,8,1,30,
800,192,0,0,1,20,79,0,4,0,40,102,0,9,50,224,117,0,8,1,35,
800,146,0,0,1,7,82,0,4,1,44,119,0,27,3,102,149,0,8,1,34,
800,120,0,0,1,7,76,0,3,1,40,109,0,15,6,69,115,0,6,1,28,
800,268,1,0,1,18,96,0,4,1,54,202,0,18,15,116,172,0,14,1,48,
800,548,0,0,1,9,92,0,5,1,63,128,0,21,3,85,161,0,9,12,35,
800,416,0,1,1,11,95,0,6,1,57,133,0,23,8,141,183,0,10,1,42,
800,425,0,1,1,12,132,0,6,1,50,124,0,16,2,68,116,0,9,1,33,
800,467,0,0,1,9,86,0,4,1,43,4033,0,40,8,87,252,0,8,1,29,
800,326,0,1,1,21,89,0,5,1,49,113,0,10,9,69,126,0,8,1,34,
800,452,0,20,2,11,110,0,5,1,121,124,0,20,3,67,105,0,9,1,33,
800,298,0,1,1,11,87,0,4,1,49,113,0,16,8,72,116,0,14,1,28,
800,613,0,1,1,21,90,0,4,1,48,129,0,31,12,79,168,0,8,1,37,
800,547,0,0,1,8,671,0,5,0,50,322,0,27,3,157,182,0,9,1,34,
800,203,0,1,1,9,84,0,4,8,33,131,0,19,10,77,134,0,7,1,32,
800,149,0,0,1,14,95,0,4,1,47,130,0,7,10,76,172,0,6,1,32,
800,235,0,13,2,8,80,0,3,0,71,105,0,28,3,107,112,0,7,1,33,
800,1094,0,1,1,124,199,0,5,1,53,117,0,19,7,63,114,0,9,1,57,
800,198,0,0,1,23,269,0,5,1,61,129,0,9,17,70,115,0,8,1,29,
800,361,0,1,1,10,78,0,5,1,45,100,0,18,3,69,102,0,7,9,25,
850,351,0,0,1,8,89,0,5,10,40,109,0,17,8,64,105,0,9,1,26,
850,219,0,0,1,20,75,0,4,0,40,91,0,8,10,71,146,0,8,29,57,
850,570,0,1,1,9,96,0,4,1,39,105,0,16,2,72,116,0,7,1,32,
850,166,0,0,1,7,100,0,3,1,30,128,0,16,13,94,124,0,6,1,35,
850,114,0,0,1,13,79,0,3,0,30,119,0,5,8,62,253,0,6,1,35,
850,196,0,0,1,8,84,0,4,0,40,107,0,19,2,70,112,0,7,7,36,
850,174,0,0,1,7,73,0,3,1,26,314,0,22,9,90,145,0,9,1,33,
850,1930,0,1,1,26,156,0,5,0,45,109,0,10,13,71,101,0,7,1,29,
850,539,0,1,1,8,83,0,4,0,39,108,0,15,2,57,109,0,7,1,26,
850,424,1,1,3,11,142,0,7,13,61,211,0,31,11,126,303,0,17,1,35,
850,369,0,1,1,1513,498,0,6,0,66,199,0,12,12,64,152,0,8,1,30,
850,751,0,0,1,10,119,0,4,1,44,600,0,59,9,69,465,0,17,2,76,
850,639,0,1,1,27,88,0,4,1,48,108,0,9,10,64,119,0,9,1,32,
850,460,0,0,1,9,90,0,4,1,38,108,0,14,2,65,116,0,6,1,30,
850,180,0,0,1,7,82,0,3,7,26,107,0,527,12,176,161,0,8,1,24,
850,476,0,0,1,26,101,0,547,1,59,265,0,10,10,108,113,0,8,1,29,
850,516,0,1,1,10,90,0,5,1,52,115,0,13,3,80,101,0,26,18,70,
850,300,0,0,1,10,166,0,14,0,69,110,0,17,7,108,111,0,9,1,38,
850,345,0,0,1,21,88,0,6,1,46,112,0,8,7,74,130,0,7,1,34,
850,256,0,1,1,7,78,0,4,0,36,214,0,16,3,66,142,0,7,5,22,
850,344,0,1,1,9,82,0,5,12,67,155,0,19,7,77,133,0,7,1,29,
850,195,0,0,1,20,81,0,5,0,34,98,0,10,7,61,103,0,6,1,54,
850,256,0,2,1,8,88,0,3,1,48,115,0,13,3,87,123,0,6,5,32,
850,132,0,0,0,6,86,0,3,0,25,109,0,11,5,81,112,0,5,0,26,
850,340,0,0,1,15,77,0,3,1,32,108,0,7,7,70,160,0,6,1,30,
850,382,0,1,1,10,86,0,6,0,53,112,0,16,3,76,148,0,6,7,26,
850,767,0,103,1,30,124,0,14,0,38,116,0,19,8,86,119,0,10,1,26,
850,428,0,0,1,35,153,0,5,1,49,118,0,11,10,71,136,0,8,1,35,
850,240,0,0,1,8,82,0,4,0,38,114,0,15,3,93,146,0,17,1,27,
850,156,0,0,1,8,100,0,3,0,29,131,0,9,11,71,132,0,6,0,28,
850,840,0,0,1,15,164,0,6,1,49,146,0,13,10,62,145,0,8,1,34,
850,573,0,0,1,8,103,0,4,0,44,102,0,15,2,59,106,0,8,6,21,
850,305,0,0,1,9,134,0,4,1,33,171,0,13,6,76,120,0,7,1,65,
850,156,0,0,1,13,200,0,3,0,34,124,0,9,8,63,116,0,6,1,28,
850,257,0,0,1,31,87,0,4,1,42,134,0,13,5,51,147,0,13,1,25,
850,1173,0,1,1,25,104,0,5,1,117,121,0,11,8,71,124,0,9,2,78,
850,693,0,0,1,12,172,0,6,0,69,116,0,15,2,60,120,0,8,6,23,
850,339,0,0,1,10,1224,0,7,0,42,406,0,36,6,145,1850,0,12,1,68,
850,333,0,0,1,23,92,0,4,1,42,114,0,8,8,70,124,0,8,1,31,
850,193,0,0,1,6,81,0,4,0,39,113,0,15,2,57,111,0,6,5,39,
850,116,0,0,0,7,84,0,9,1,23,120,0,14,5,70,169,0,8,3,34,
850,370,0,0,1,17,88,0,3,0,655,191,0,1722,35,204,289,0,8,0,31,
850,481,0,0,1,11,92,0,6,0,68,111,0,19,3,61,123,0,13,1,27,
850,559,0,0,1,8,101,0,4,0,35,114,0,10,17,60,111,0,9,1,33,
850,495,0,1,1,19,93,0,3,0,39,103,0,13,8,65,116,0,10,1,26,
850,481,0,1,1,9,106,0,4,0,56,97,0,15,3,55,114,0,9,5,24,
850,514,0,0,1,8,743,0,14,0,37,135,0,16,5,57,215,0,8,1,32,
850,219,0,0,1,12,82,0,4,1,38,133,0,8,7,108,111,0,7,0,25,
850,160,0,0,1,6,97,0,4,1,33,114,0,12,5,57,121,0,10,1,24,
850,185,0,0,1,18,86,0,4,1,28,130,0,8,8,65,119,0,6,1,32,
900,418,0,0,1,15,1087,0,6,0,45,184,0,9,7,52,110,0,7,1,26,
900,135,0,0,1,5,76,0,3,0,30,128,0,12,3,61,113,0,5,6,19,
900,344,0,0,1,6,85,0,3,1,26,152,0,13,5,61,107,0,7,1,25,
900,357,0,0,1,25,89,0,22,0,39,165,0,13,3,62,117,0,7,1,31,
900,318,0,1,1,9,116,0,6,1,57,98,0,17,7,59,102,0,12,1,22,
900,165,0,0,1,14,79,0,4,0,31,110,0,6,9,62,772,0,9,1,44,
900,325,0,1,8,9,89,0,5,0,42,108,0,19,3,97,113,0,7,1,41,
900,414,1,1,1,11,136,0,5,0,58,109,0,17,2,70,161,0,15,1,32,
900,312,0,1,1,8,87,0,4,1,35,104,0,9,7,125,125,0,8,19,30,
900,258,0,7,1,8,83,0,3,0,38,107,0,13,3,61,114,0,7,1,133,
900,351,0,0,1,10,104,0,5,1,57,130,0,15,6,135,152,0,9,1,35,
900,316,0,0,16,10,85,0,4,1,43,110,0,14,3,66,116,0,7,1,29,
900,708,0,0,1,8,116,0,4,1,43,110,0,16,3,68,117,0,12,1,23,
900,362,0,0,1,9,397,0,5,1,36,117,0,9,8,61,109,0,6,1,29,
900,327,0,1,1,110,95,0,4,1,45,111,0,9,12,64,112,0,7,1,28,
900,313,0,0,1,9,89,0,4,1,39,109,0,13,3,58,313,0,7,8,29,
900,302,0,0,1,9,82,0,8,0,35,109,0,15,6,86,116,0,7,1,29,
900,307,0,0,19,8,80,0,5,0,39,245,0,840,22,2819,323,0,8,1,50,
900,1354,0,0,1,9,216,0,4,0,54,101,0,13,5,54,99,0,12,1,21,
900,395,0,0,1,16,113,0,4,1,35,114,0,9,7,57,112,0,7,1,31,
900,322,0,0,1,16,81,0,6,0,40,112,0,9,3,63,117,0,7,1,26,
900,302,0,1,1,8,87,0,3,1,38,107,0,13,3,61,114,0,6,1,23,
900,554,0,1,1,8,114,0,4,1,66,149,0,8,8,68,125,0,7,1,24,
900,359,0,20,1,9,121,0,5,1,46,134,0,17,3,60,139,0,8,1,50,
900,309,0,1,1,9,89,0,4,1,43,108,0,13,6,56,121,0,10,1,23,
900,2055,0,1,1,17,111,0,4,0,40,103,0,10,7,66,116,0,7,1,27,
900,197,0,0,7,8,84,0,3,0,32,128,0,13,3,61,105,0,5,0,25,
900,222,0,0,1,6,79,0,3,1,31,105,0,12,2,57,107,0,14,1,38,
900,182,0,0,1,16,85,0,3,0,34,108,0,7,9,62,111,0,6,1,32,
900,399,0,12,1,7,83,0,4,1,38,119,0,15,2,60,174,0,130,1,34,
900,397,0,1,1,12,92,0,5,1,49,113,0,16,6,56,121,0,6,1,26,
900,466,0,0,1,15,95,0,3,0,34,110,0,9,6,55,109,0,7,14,27,
900,414,0,0,14,8,127,0,4,0,185,131,0,16,2,60,108,0,7,1,28,
900,219,0,0,1,7,94,0,4,0,44,112,0,16,6,102,119,0,6,1,28,
900,452,0,0,1,17,89,0,4,0,34,112,0,8,7,136,123,0,7,1,57,
900,210,0,1,1,8,82,0,3,1,34,111,0,14,3,98,112,0,7,1,24,
900,165,0,0,1,13,167,0,3,1,213,678,0,11,8,74,170,0,7,1,29,
900,164,0,0,1,6,79,0,3,1,32,124,0,15,3,61,113,0,5,1,31,
900,379,0,0,1,8,141,0,4,1,44,104,0,16,7,99,115,0,16,1,23,
900,214,0,0,1,15,84,0,3,0,36,583,0,10,10,65,115,0,6,0,24,
900,440,0,0,9,8,99,0,3,1,36,130,0,13,2,97,231,0,7,1,32,
900,272,0,0,1,8,86,0,3,0,63,165,0,18,16,59,118,0,6,1,24,
900,549,0,0,1,20,93,0,4,0,112,118,0,8,8,68,108,0,8,1,29,
900,208,1,0,1,7,86,0,3,0,33,117,0,15,3,97,227,0,8,1,25,
900,360,0,1,1,11,111,0,5,1,55,130,0,16,6,62,144,0,9,1,27,
900,390,0,1,1,25,163,0,5,1,43,119,0,9,8,54,201,0,7,1,28,
900,505,0,0,1,7,97,0,4,0,33,104,0,13,2,55,4796,0,13,1,98,
900,376,0,1,1,10,144,0,5,1,37,120,0,15,6,62,133,0,7,1,29,
900,1076,0,1,1,16,623,0,5,0,44,127,0,10,8,59,112,0,6,1,26,
900,304,0,1,1,8,83,0,4,1,39,114,0,13,3,62,119,0,6,1,28,
950,254,0,0,1,8,87,0,3,7,31,109,0,12,5,55,1125,0,9,1,227,
950,314,0,0,1,24,87,0,4,0,38,107,0,9,6,65,136,0,9,1,37,
950,368,0,15,1,8,100,0,4,0,44,115,0,13,2,80,120,0,6,6,24,
950,278,0,0,1,7,82,0,10,0,59,167,0,14,7,61,139,0,7,0,30,
950,198,0,0,0,16,86,0,3,0,31,111,0,7,8,67,110,0,5,0,27,
950,134,0,0,0,6,127,0,3,0,32,104,0,12,2,60,112,0,4,5,22,
950,121,0,0,0,6,108,0,2,5,19,112,0,12,8,66,118,0,4,0,25,
950,127,0,0,1,13,79,0,2,0,26,106,0,6,7,51,1268,0,11,0,80,
950,313,0,0,1,8,84,0,4,0,116,118,0,15,20,66,110,0,6,5,21,
950,260,0,0,1,8,119,0,10,0,31,108,0,13,5,100,244,0,7,1,89,
950,444,0,0,1,22,87,0,4,1,3502,260,0,18,5,62,117,0,13,2,22,
950,106,0,0,1,8,54,0,4,0,35,78,0,7,2,41,88,0,4,1,19,
950,82,0,0,1,5,55,0,3,0,27,77,0,6,2,41,90,0,4,1,19,
950,107,0,0,0,5,58,0,2,0,25,87,0,7,2,37,84,0,3,0,17,
950,364,0,0,1,6,56,0,3,0,29,113,0,8,2,49,98,0,8,0,19,
950,108,0,0,1,8,60,0,3,0,39,80,0,10,3,39,79,0,8,0,17,
950,107,0,0,0,8,66,0,3,0,30,90,0,7,2,68,98,0,6,0,28,
950,101,0,0,1,7,59,0,2,0,31,76,0,11,8,52,126,0,2690,1,66,
950,120,0,0,1,14,69,0,3,1,39,90,0,7,6,58,97,0,6,1,19,
950,101,0,0,1,7,60,0,3,0,32,80,0,8,2,42,87,0,7,0,16,
950,105,0,0,1,7,65,0,3,0,27,292,0,9,2,49,98,0,7,1,19,
950,115,0,0,1,8,69,0,2,1,32,96,0,7,2,45,95,0,6,1,24,
950,121,0,0,1,8,62,0,3,0,33,333,0,27,193,100,109,0,6,1,21,
950,95,0,0,1,7,74,0,4,1,30,90,0,9,3,45,98,0,6,1,18,
950,260,0,0,1,6,56,0,2,0,21,83,0,6,2,38,170,0,19,1,17,
950,86,0,0,0,6,151,0,4,1,94,116,0,8,2,42,98,0,6,1,19,
950,92,0,0,1,47,2403,0,7,0,42,95,0,9,3,39,96,0,61,1,20,
950,328,0,0,1,7,56,0,5,0,34,779,0,15,3,59,111,0,8,1,19,
950,84,0,0,1,6,55,0,3,0,27,120,0,7,1,40,89,0,6,1,17,
950,312,0,0,1,7,65,0,3,0,24,92,0,7,2,39,84,0,18,1,16,
950,87,0,1,1,5,61,0,2,1,22,89,0,6,4,38,88,0,4,0,15,
950,81,0,0,0,5,67,0,2,0,21,92,0,6,2,39,95,0,3,1,16,
950,79,0,0,1,4,55,0,2,0,19,90,0,5,2,43,117,0,4,1,18,
950,84,0,0,0,5,61,0,2,0,23,95,0,9,2,36,97,0,7,0,24,
950,84,0,0,1,6,58,0,2,0,19,76,0,6,19,39,75,0,3,0,76,
950,126,0,0,1,8,63,0,3,0,75,373,0,11,2,64,278,0,9,1,67,
950,101,0,0,1,7,90,0,13,0,27,115,0,14,2,42,87,0,6,1,20,
950,94,0,0,1,6,62,0,3,0,24,90,0,8,2,54,113,0,4,1,19,
950,84,0,0,1,5,56,0,2,0,22,102,0,6,3,45,112,0,4,1,18,
950,78,0,0,1,6,66,0,2,0,26,118,0,6,2,43,82,0,4,0,18,
950,83,0,0,1,6,57,0,3,0,23,2938,0,15,2,100,89,0,7,1,15,
950,153,0,0,1,15,64,0,3,0,31,82,0,8,2,39,90,0,7,0,16,
950,103,0,0,1,8,59,0,3,0,39,113,0,13,4,57,141,0,12,1,28,
950,546,0,0,1,13,115,0,8,0,56,215,0,15,4,54,129,0,44,1,28,
950,134,0,0,1,8,62,0,4,0,34,90,0,10,3,123,87,0,7,1,19,
950,103,0,0,1,7,56,0,4,0,32,88,0,8,3,43,420,0,7,1,22,
950,352,0,0,1,6,83,0,5,1,34,79,0,15,2,99,130,0,8,1,17,
950,165,0,0,1,7,58,0,4,0,42,86,0,9,2,71,108,0,7,1,17,
950,3179,0,0,1,10,361,0,5,0,37,92,0,10,2,42,145,0,9,1,39,
950,131,0,0,1,8,70,0,5,0,33,91,0,7,2,37,89,0,6,1,19,
1000,125,0,0,1,7,67,0,3,0,30,92,0,7,2,41,97,0,6,1,18,
1000,127,0,0,1,9,67,0,4,0,34,88,0,7,3,43,98,0,7,1,18,
1000,1284,0,0,2,9,209,0,4,0,33,84,0,7,2,40,98,0,6,1,18,
1000,169,0,0,1,6,95,0,13,0,26,111,0,9,4,43,99,0,6,1,17,
1000,107,0,0,1,7,66,0,3,0,32,93,0,7,2,41,97,0,5,1,18,
1000,90,0,0,0,6,58,0,2,0,22,91,0,7,2,47,97,0,3,0,15,
1000,104,0,0,1,6,54,0,3,0,25,80,0,7,2,46,93,0,5,1,16,
1000,104,0,0,1,6,56,0,3,0,27,2673,0,13,2,57,128,0,9,1,36,
1000,122,0,1,0,8,59,0,4,0,194,82,0,8,2,64,170,0,6,1,20,
1000,171,0,0,1,5,90,0,3,0,23,87,0,7,2,56,85,0,5,0,16,
1000,522,0,0,1,19,67,0,3,0,31,92,0,8,2,42,101,0,6,1,18,
1000,130,0,0,1,8,68,0,4,0,36,92,0,8,3,43,99,0,7,1,17,
1000,106,0,0,1,7,86,0,3,1,25,92,0,6,3,40,98,0,4,1,17,
1000,119,0,0,1,7,68,0,3,0,30,92,0,7,2,42,97,0,6,1,18,
1000,140,0,0,1,14,197,0,4,0,34,85,0,8,3,41,312,0,10,1,25,
1000,165,0,1,1,9,70,0,5,1,46,88,0,11,3,44,113,0,10,1,20,
1000,231,0,0,1,7,185,0,4,0,40,94,0,16,2,41,90,0,7,1,20,
1000,953,0,1,0,8,85,0,4,0,113,111,0,10,2,68,82,0,11,1,17,
1000,297,0,0,1,6,66,0,3,0,23,292,0,7,2,37,86,0,5,0,16,
1000,246,0,1,1,6,63,0,2,0,91,80,0,6,2,71,89,0,5,1,44,
1000,84,0,0,0,5,54,0,2,0,18,104,0,5,2,47,95,0,5,0,58,
1000,102,0,0,0,8,67,0,2,0,25,89,0,7,2,53,89,0,5,1,17,
1000,126,0,0,1,5,56,0,3,0,24,3074,0,17,2,282,172,0,8,1,18,
1000,418,0,0,1,8,62,0,3,0,35,87,0,9,2,46,129,0,10,1,77,
1000,105,0,0,0,5,59,0,3,0,21,90,0,6,2,39,115,0,132,1,19,
1000,112,0,0,1,7,61,0,3,0,26,102,0,7,2,42,87,0,6,1,17,
1000,321,0,0,1,6,92,0,3,0,27,120,0,8,2,41,110,0,5,1,22,
1000,97,0,0,0,4,59,0,2,0,20,91,0,7,2,41,97,0,4,0,15,
1000,89,0,0,1,6,66,0,3,0,21,92,0,5,2,36,90,0,4,0,16,
1000,84,0,0,1,4,57,0,2,0,22,79,0,7,2,33,83,0,5,0,15,
1000,106,0,0,0,6,57,0,3,0,27,83,0,6,2,26,64,0,4,0,11,
1000,86,0,0,0,6,83,0,2,2,13,55,0,3,1,23,60,0,2,0,10,
1000,95,0,0,0,5,63,0,1,3,16,79,0,4,1,23,65,0,1,0,11,
1000,264,0,0,0,5,70,0,2,0,19,85,0,5,2,46,118,0,4,0,17,
1000,209,0,0,1,5,69,0,3,0,26,88,0,6,2,71,98,0,5,1,16,
1000,87,0,0,1,5,56,0,3,0,21,92,0,5,2,37,107,0,5,1,17,
1000,147,0,0,1,9,63,0,4,0,34,92,0,8,6,39,91,0,6,1,17,
1000,321,0,0,1,7,154,0,4,0,34,90,0,7,2,42,91,0,5,1,18,
1000,177,0,0,1,6,58,0,3,0,26,112,0,6,2,35,93,0,5,0,15,
1000,87,0,0,1,5,60,0,2,0,19,85,0,8,2,983,407,0,7,1,22,
1000,136,0,0,1,7,59,0,3,0,41,94,0,8,2,98,103,0,6,0,16,
1000,91,0,0,1,5,66,0,3,0,22,90,0,6,2,33,101,0,6,1,20,
1000,113,0,0,1,5,57,0,3,0,24,87,0,6,2,39,95,0,5,0,15,
1000,87,0,0,0,5,129,0,3,0,25,96,0,6,2,47,93,0,5,0,15,
1000,129,0,0,0,6,63,0,3,0,26,87,0,7,2,34,85,0,8,1,18,
1000,95,0,0,1,5,58,0,2,0,20,98,0,5,2,39,99,0,4,1,17,
1000,86,0,0,1,5,60,0,2,0,41,87,0,5,2,57,93,0,5,1,20,
1000,74,0,0,0,5,67,0,2,1,23,88,0,6,2,39,111,0,5,0,17,
1000,97,0,0,1,5,60,0,2,0,32,90,0,8,3,38,93,0,4,0,15,
1000,324,0,0,1,7,129,0,2682,3,43,170,0,11,3,93,110,0,7,1,22,
